40 46 24 25 6 49 35 44 47 25 40 39 47 7 12 15 5 25 8 36
47 9 39 45 39 7 50 42 36 34 48 28 48 11 36 50 38 32 4 5
9 48 22 35 10 31 21 46 30 29 36 7 40 15 23 43 46 5 27 30
7 9 23 28 43 50 36 11 42 14 32 46 30 8 1 26 27 17 42 43
1 27 32 7 37 50 3 5 47 46 26 8 1 34 37 43 50 14 20 48
47 49 16 48 23 5 33 29 40 37 17 25 13 28 15 27 2 1 7 28
21 11 37 37 32 35 46 22 50 7 13 23 26 11 26 25 35 26 10 20
49 45 50 15 32 38 36 29 3 38 44 50 18 26 50 43 4 43 25 8
31 26 41 10 45 33 24 6 17 49 25 40 42 47 46 29 33 13 12 17
40 18 18 34 26 16 15 20 34 2 22 30 12 16 16 43 2 21 3 45
42 15 23 36 14 41 43 16 40 46 18 41 38 26 22 25 32 47 45 40
25 29 23 11 15 36 32 18 36 49 20 45 4 44 22 24 33 21 37 1
20 28 43 30 49 50 3 42 2 31 42 9 35 50 19 7 46 14 42 40
6 39 16 1 21 42 14 26 49 42 50 4 19 6 34 3 15 37 46 47
46 33 17 30 25 32 45 41 16 11 44 19 49 43 9 17 27 47 19 30
35 32 19 47 14 35 44 14 2 40 27 33 22 16 32 23 41 18 31 9
19 33 5 21 38 32 30 28 10 46 31 4 41 18 48 10 29 13 11 24
11 47 10 16 30 32 15 15 41 26 22 24 46 13 25 15 40 45 9 41
34 23 16 46 16 37 46 16 24 13 5 7 35 48 8 31 39 44 34 17
20 40 42 28 50 50 47 34 9 47 34 47 12 26 35 14 12 40 29 44
47 1 15 28 31 5 14 3 43 46 4 16 38 8 29 17 13 43 2 18
12 25 5 33 48 13 41 42 39 43 22 27 30 22 40 25 37 18 35 40
16 45 27 33 42 42 13 26 5 8 25 48 43 37 2 4 48 46 6 45
14 44 37 3 4 23 46 24 13 7 48 7 28 14 41 34 46 35 46 4
40 25 46 43 22 30 35 7 3 42 24 4 6 26 6 7 24 29 41 7
33 12 7 20 16 45 21 32 44 40 48 36 33 11 20 6 42 22 46 21
15 17 23 21 32 29 29 18 41 24 8 10 1 2 25 13 47 14 22 17
11 34 11 49 29 16 36 41 18 43 26 49 18 42 28 28 6 25 41 44
9 7 32 29 22 27 11 35 21 46 1 1 34 9 49 11 41 2 24 25
29 20 21 14 45 45 34 7 9 37 12 20 29 21 32 45 34 11 11 25
41 16 43 40 43 8 50 37 17 39 3 39 4 34 12 26 1 33 11 39
43 2 42 35 31 5 50 47 47 32 35 3 12 19 2 15 3 46 50 36
4 28 44 44 39 43 43 44 7 17 49 36 27 17 12 28 5 4 17 26
5 43 20 11 35 41 21 2 3 17 1 8 4 23 43 1 13 14 8 18
4 7 24 8 46 8 47 13 21 47 40 30 46 20 45 50 34 15 44 12
39 44 22 42 15 15 37 9 37 7 2 16 33 2 40 19 19 13 1 44
16 46 36 20 35 39 3 19 1 8 30 15 23 16 15 18 21 28 30 37
9 48 47 25 21 12 36 7 11 43 18 31 36 38 1 32 21 30 35 44
10 19 32 12 42 36 48 38 2 29 37 37 50 10 3 26 14 8 2 17
43 31 1 21 21 33 30 1 14 30 31 19 4 1 16 4 17 30 15 12
3 7 36 42 12 8 36 40 31 47 28 9 39 32 2 5 40 24 17 5
42 12 26 27 12 33 16 38 21 36 14 8 27 11 40 43 26 24 46 2
20 34 49 50 19 50 26 17 9 14 1 1 39 26 5 17 44 35 38 39
18 38 12 8 9 41 2 40 4 33 25 40 33 19 37 24 48 42 49 23
20 33 10 36 50 9 45 7 46 36 30 1 28 10 3 37 15 29 19 30
7 49 25 11 23 21 36 9 36 48 47 10 16 29 46 11 7 5 40 29
18 9 20 41 6 39 14 6 6 32 6 17 34 21 19 39 20 14 28 8
22 2 28 36 43 48 7 22 3 26 45 18 12 1 19 27 22 38 16 23
22 43 32 21 9 36 20 45 22 45 21 11 32 29 38 17 2 15 2 50
42 41 12 7 35 40 47 19 32 6 46 20 13 38 2 21 22 10 50 20
27 22 40 2 45 29 30 6 7 34 9 23 11 43 49 30 22 16 46 40
29 4 3 12 38 29 19 21 36 49 26 5 4 10 42 17 33 26 32 46
20 4 19 5 13 47 2 28 20 25 23 41 24 32 32 30 44 27 8 15
32 16 9 22 25 18 9 47 38 5 18 43 16 35 23 11 32 34 34 26
31 17 24 47 24 37 30 34 21 38 39 7 38 37 17 19 25 45 26 30
34 3 23 15 31 4 49 6 49 14 9 44 30 49 17 30 39 26 46 32
41 14 34 48 48 9 39 49 20 39 43 29 31 23 4 49 20 33 32 20
42 12 21 32 50 2 45 11 44 2 40 49 37 4 49 46 23 1 39 35
32 33 24 4 32 43 18 43 27 12 41 36 3 19 39 11 30 48 38 32
29 4 4 22 27 48 1 34 8 38 37 15 6 6 33 27 24 2 4 11
48 3 4 25 37 25 25 3 18 2 15 17 34 19 27 22 49 1 11 34
44 18 7 11 29 15 8 10 23 37 13 3 25 46 5 8 47 15 5 11
45 38 2 9 18 16 33 31 29 35 40 29 20 40 41 34 41 46 18 14
38 26 2 8 3 34 45 29 45 19 13 30 19 30 6 19 11 25 15 37
25 25 19 4 29 46 46 29 14 42 48 13 38 44 23 22 41 16 27 9
19 7 17 30 50 38 22 19 40 11 39 11 8 28 32 20 9 46 45 17
11 11 25 46 30 46 50 50 26 7 38 20 10 4 42 19 41 33 50 32
37 12 44 44 32 25 8 45 45 10 10 21 25 48 38 17 9 41 49 30
9 36 29 24 4 17 49 28 50 42 2 17 10 46 7 21 36 6 21 15
41 25 13 32 45 41 36 13 10 20 50 42 26 12 49 16 39 44 1 1
20 23 23 14 50 19 33 41 34 30 8 48 26 26 27 38 32 4 10 28
9 29 40 36 1 17 18 42 24 49 7 31 29 1 26 7 30 8 46 39
48 34 33 14 33 18 47 14 18 27 9 27 4 20 25 19 34 32 8 16
17 29 41 37 1 39 37 36 27 25 33 8 10 4 35 34 29 6 4 40
1 4 43 44 2 3 31 31 9 7 5 17 41 15 41 15 36 32 17 37
16 2 10 22 46 47 8 9 21 7 43 38 28 41 48 31 29 40 23 41
3 22 50 35 47 11 23 3 3 6 50 26 37 34 10 12 12 33 29 36
35 14 38 25 39 6 40 16 2 12 16 5 24 27 1 40 35 12 37 15
3 27 30 3 26 24 7 14 25 36 17 27 50 42 12 31 8 31 37 3
7 23 31 36 16 24 50 25 2 13 41 26 4 37 30 37 6 25 3 40
31 45 38 4 37 23 18 23 40 14 49 35 45 29 9 46 43 26 49 31
26 28 4 15 25 9 14 16 31 19 35 4 50 21 1 31 35 39 26 43
47 38 29 23 8 38 22 41 48 27 15 31 22 47 47 14 2 19 7 34
43 50 19 50 46 39 40 35 7 15 45 46 35 49 42 50 37 23 3 40
47 8 27 46 12 39 48 36 11 2 38 19 11 9 46 41 15 17 29 16
34 7 35 35 29 18 3 39 6 5 49 33 44 9 17 47 19 29 30 14
14 11 33 40 42 17 22 39 49 39 19 26 37 23 2 46 8 10 12 48
5 42 35 4 27 40 3 9 30 32 23 7 46 25 34 49 40 2 46 4
8 27 29 12 22 42 19 44 6 24 13 25 22 46 33 46 10 11 38 30
45 24 46 40 42 14 14 47 26 29 8 50 33 16 14 41 4 4 32 33
22 16 40 5 23 15 31 13 5 25 46 32 31 34 11 16 47 23 27 12
26 14 35 47 30 11 17 34 37 4 41 1 40 9 1 49 11 47 41 39
42 24 1 36 45 2 1 11 43 11 26 42 6 41 35 22 25 28 38 18
11 25 42 44 20 17 30 42 40 5 7 22 3 34 30 4 43 15 14 2
45 43 45 6 35 35 29 15 26 25 8 21 48 41 17 4 2 35 23 44
22 22 9 39 33 30 34 35 7 17 46 49 46 20 36 5 31 10 5 2
33 18 12 11 37 33 18 13 7 50 41 2 24 34 49 24 45 41 23 22
23 2 34 8 41 31 24 9 24 38 24 43 30 6 1 21 7 20 37 24
44 19 47 34 23 22 8 24 4 43 5 13 15 18 33 13 26 15 25 25
39 44 43 22 9 26 38 2 13 29 18 15 21 8 25 20 16 32 23 27

Line: [40, 46, 24, 25, 6, 49, 35, 44, 47, 25, 40, 39, 47, 7, 12, 15, 5, 25, 8, 36]
Numbers which are > 40 for this line: [46, 49, 44, 47, 47]

Line: [47, 9, 39, 45, 39, 7, 50, 42, 36, 34, 48, 28, 48, 11, 36, 50, 38, 32, 4, 5]
Numbers which are > 40 for this line: [47, 45, 50, 42, 48, 48, 50]

Line: [9, 48, 22, 35, 10, 31, 21, 46, 30, 29, 36, 7, 40, 15, 23, 43, 46, 5, 27, 30]
Numbers which are > 40 for this line: [48, 46, 43, 46]

Line: [7, 9, 23, 28, 43, 50, 36, 11, 42, 14, 32, 46, 30, 8, 1, 26, 27, 17, 42, 43]
Numbers which are > 40 for this line: [43, 50, 42, 46, 42, 43]

Line: [1, 27, 32, 7, 37, 50, 3, 5, 47, 46, 26, 8, 1, 34, 37, 43, 50, 14, 20, 48]
Numbers which are > 40 for this line: [50, 47, 46, 43, 50, 48]

Line: [47, 49, 16, 48, 23, 5, 33, 29, 40, 37, 17, 25, 13, 28, 15, 27, 2, 1, 7, 28]
Numbers which are > 40 for this line: [47, 49, 48]

Line: [21, 11, 37, 37, 32, 35, 46, 22, 50, 7, 13, 23, 26, 11, 26, 25, 35, 26, 10, 20]
Numbers which are > 40 for this line: [46, 50]

Line: [49, 45, 50, 15, 32, 38, 36, 29, 3, 38, 44, 50, 18, 26, 50, 43, 4, 43, 25, 8]
Numbers which are > 40 for this line: [49, 45, 50, 44, 50, 50, 43, 43]

Line: [31, 26, 41, 10, 45, 33, 24, 6, 17, 49, 25, 40, 42, 47, 46, 29, 33, 13, 12, 17]
Numbers which are > 40 for this line: [41, 45, 49, 42, 47, 46]

Line: [40, 18, 18, 34, 26, 16, 15, 20, 34, 2, 22, 30, 12, 16, 16, 43, 2, 21, 3, 45]
Numbers which are > 40 for this line: [43, 45]

Line: [42, 15, 23, 36, 14, 41, 43, 16, 40, 46, 18, 41, 38, 26, 22, 25, 32, 47, 45, 40]
Numbers which are > 40 for this line: [42, 41, 43, 46, 41, 47, 45]

Line: [25, 29, 23, 11, 15, 36, 32, 18, 36, 49, 20, 45, 4, 44, 22, 24, 33, 21, 37, 1]
Numbers which are > 40 for this line: [49, 45, 44]

Line: [20, 28, 43, 30, 49, 50, 3, 42, 2, 31, 42, 9, 35, 50, 19, 7, 46, 14, 42, 40]
Numbers which are > 40 for this line: [43, 49, 50, 42, 42, 50, 46, 42]

Line: [6, 39, 16, 1, 21, 42, 14, 26, 49, 42, 50, 4, 19, 6, 34, 3, 15, 37, 46, 47]
Numbers which are > 40 for this line: [42, 49, 42, 50, 46, 47]

Line: [46, 33, 17, 30, 25, 32, 45, 41, 16, 11, 44, 19, 49, 43, 9, 17, 27, 47, 19, 30]
Numbers which are > 40 for this line: [46, 45, 41, 44, 49, 43, 47]

Line: [35, 32, 19, 47, 14, 35, 44, 14, 2, 40, 27, 33, 22, 16, 32, 23, 41, 18, 31, 9]
Numbers which are > 40 for this line: [47, 44, 41]

Line: [19, 33, 5, 21, 38, 32, 30, 28, 10, 46, 31, 4, 41, 18, 48, 10, 29, 13, 11, 24]
Numbers which are > 40 for this line: [46, 41, 48]

Line: [11, 47, 10, 16, 30, 32, 15, 15, 41, 26, 22, 24, 46, 13, 25, 15, 40, 45, 9, 41]
Numbers which are > 40 for this line: [47, 41, 46, 45, 41]

Line: [34, 23, 16, 46, 16, 37, 46, 16, 24, 13, 5, 7, 35, 48, 8, 31, 39, 44, 34, 17]
Numbers which are > 40 for this line: [46, 46, 48, 44]

Line: [20, 40, 42, 28, 50, 50, 47, 34, 9, 47, 34, 47, 12, 26, 35, 14, 12, 40, 29, 44]
Numbers which are > 40 for this line: [42, 50, 50, 47, 47, 47, 44]

Line: [47, 1, 15, 28, 31, 5, 14, 3, 43, 46, 4, 16, 38, 8, 29, 17, 13, 43, 2, 18]
Numbers which are > 40 for this line: [47, 43, 46, 43]

Line: [12, 25, 5, 33, 48, 13, 41, 42, 39, 43, 22, 27, 30, 22, 40, 25, 37, 18, 35, 40]
Numbers which are > 40 for this line: [48, 41, 42, 43]

Line: [16, 45, 27, 33, 42, 42, 13, 26, 5, 8, 25, 48, 43, 37, 2, 4, 48, 46, 6, 45]
Numbers which are > 40 for this line: [45, 42, 42, 48, 43, 48, 46, 45]

Line: [14, 44, 37, 3, 4, 23, 46, 24, 13, 7, 48, 7, 28, 14, 41, 34, 46, 35, 46, 4]
Numbers which are > 40 for this line: [44, 46, 48, 41, 46, 46]

Line: [40, 25, 46, 43, 22, 30, 35, 7, 3, 42, 24, 4, 6, 26, 6, 7, 24, 29, 41, 7]
Numbers which are > 40 for this line: [46, 43, 42, 41]

Line: [33, 12, 7, 20, 16, 45, 21, 32, 44, 40, 48, 36, 33, 11, 20, 6, 42, 22, 46, 21]
Numbers which are > 40 for this line: [45, 44, 48, 42, 46]

Line: [15, 17, 23, 21, 32, 29, 29, 18, 41, 24, 8, 10, 1, 2, 25, 13, 47, 14, 22, 17]
Numbers which are > 40 for this line: [41, 47]

Line: [11, 34, 11, 49, 29, 16, 36, 41, 18, 43, 26, 49, 18, 42, 28, 28, 6, 25, 41, 44]
Numbers which are > 40 for this line: [49, 41, 43, 49, 42, 41, 44]

Line: [9, 7, 32, 29, 22, 27, 11, 35, 21, 46, 1, 1, 34, 9, 49, 11, 41, 2, 24, 25]
Numbers which are > 40 for this line: [46, 49, 41]

Line: [29, 20, 21, 14, 45, 45, 34, 7, 9, 37, 12, 20, 29, 21, 32, 45, 34, 11, 11, 25]
Numbers which are > 40 for this line: [45, 45, 45]

Line: [41, 16, 43, 40, 43, 8, 50, 37, 17, 39, 3, 39, 4, 34, 12, 26, 1, 33, 11, 39]
Numbers which are > 40 for this line: [41, 43, 43, 50]

Line: [43, 2, 42, 35, 31, 5, 50, 47, 47, 32, 35, 3, 12, 19, 2, 15, 3, 46, 50, 36]
Numbers which are > 40 for this line: [43, 42, 50, 47, 47, 46, 50]

Line: [4, 28, 44, 44, 39, 43, 43, 44, 7, 17, 49, 36, 27, 17, 12, 28, 5, 4, 17, 26]
Numbers which are > 40 for this line: [44, 44, 43, 43, 44, 49]

Line: [5, 43, 20, 11, 35, 41, 21, 2, 3, 17, 1, 8, 4, 23, 43, 1, 13, 14, 8, 18]
Numbers which are > 40 for this line: [43, 41, 43]

Line: [4, 7, 24, 8, 46, 8, 47, 13, 21, 47, 40, 30, 46, 20, 45, 50, 34, 15, 44, 12]
Numbers which are > 40 for this line: [46, 47, 47, 46, 45, 50, 44]

Line: [39, 44, 22, 42, 15, 15, 37, 9, 37, 7, 2, 16, 33, 2, 40, 19, 19, 13, 1, 44]
Numbers which are > 40 for this line: [44, 42, 44]

Line: [16, 46, 36, 20, 35, 39, 3, 19, 1, 8, 30, 15, 23, 16, 15, 18, 21, 28, 30, 37]
Numbers which are > 40 for this line: [46]

Line: [9, 48, 47, 25, 21, 12, 36, 7, 11, 43, 18, 31, 36, 38, 1, 32, 21, 30, 35, 44]
Numbers which are > 40 for this line: [48, 47, 43, 44]

Line: [10, 19, 32, 12, 42, 36, 48, 38, 2, 29, 37, 37, 50, 10, 3, 26, 14, 8, 2, 17]
Numbers which are > 40 for this line: [42, 48, 50]

Line: [43, 31, 1, 21, 21, 33, 30, 1, 14, 30, 31, 19, 4, 1, 16, 4, 17, 30, 15, 12]
Numbers which are > 40 for this line: [43]

Line: [3, 7, 36, 42, 12, 8, 36, 40, 31, 47, 28, 9, 39, 32, 2, 5, 40, 24, 17, 5]
Numbers which are > 40 for this line: [42, 47]

Line: [42, 12, 26, 27, 12, 33, 16, 38, 21, 36, 14, 8, 27, 11, 40, 43, 26, 24, 46, 2]
Numbers which are > 40 for this line: [42, 43, 46]

Line: [20, 34, 49, 50, 19, 50, 26, 17, 9, 14, 1, 1, 39, 26, 5, 17, 44, 35, 38, 39]
Numbers which are > 40 for this line: [49, 50, 50, 44]

Line: [18, 38, 12, 8, 9, 41, 2, 40, 4, 33, 25, 40, 33, 19, 37, 24, 48, 42, 49, 23]
Numbers which are > 40 for this line: [41, 48, 42, 49]

Line: [20, 33, 10, 36, 50, 9, 45, 7, 46, 36, 30, 1, 28, 10, 3, 37, 15, 29, 19, 30]
Numbers which are > 40 for this line: [50, 45, 46]

Line: [7, 49, 25, 11, 23, 21, 36, 9, 36, 48, 47, 10, 16, 29, 46, 11, 7, 5, 40, 29]
Numbers which are > 40 for this line: [49, 48, 47, 46]

Line: [18, 9, 20, 41, 6, 39, 14, 6, 6, 32, 6, 17, 34, 21, 19, 39, 20, 14, 28, 8]
Numbers which are > 40 for this line: [41]

Line: [22, 2, 28, 36, 43, 48, 7, 22, 3, 26, 45, 18, 12, 1, 19, 27, 22, 38, 16, 23]
Numbers which are > 40 for this line: [43, 48, 45]

Line: [22, 43, 32, 21, 9, 36, 20, 45, 22, 45, 21, 11, 32, 29, 38, 17, 2, 15, 2, 50]
Numbers which are > 40 for this line: [43, 45, 45, 50]

Line: [42, 41, 12, 7, 35, 40, 47, 19, 32, 6, 46, 20, 13, 38, 2, 21, 22, 10, 50, 20]
Numbers which are > 40 for this line: [42, 41, 47, 46, 50]

Line: [27, 22, 40, 2, 45, 29, 30, 6, 7, 34, 9, 23, 11, 43, 49, 30, 22, 16, 46, 40]
Numbers which are > 40 for this line: [45, 43, 49, 46]

Line: [29, 4, 3, 12, 38, 29, 19, 21, 36, 49, 26, 5, 4, 10, 42, 17, 33, 26, 32, 46]
Numbers which are > 40 for this line: [49, 42, 46]

Line: [20, 4, 19, 5, 13, 47, 2, 28, 20, 25, 23, 41, 24, 32, 32, 30, 44, 27, 8, 15]
Numbers which are > 40 for this line: [47, 41, 44]

Line: [32, 16, 9, 22, 25, 18, 9, 47, 38, 5, 18, 43, 16, 35, 23, 11, 32, 34, 34, 26]
Numbers which are > 40 for this line: [47, 43]

Line: [31, 17, 24, 47, 24, 37, 30, 34, 21, 38, 39, 7, 38, 37, 17, 19, 25, 45, 26, 30]
Numbers which are > 40 for this line: [47, 45]

Line: [34, 3, 23, 15, 31, 4, 49, 6, 49, 14, 9, 44, 30, 49, 17, 30, 39, 26, 46, 32]
Numbers which are > 40 for this line: [49, 49, 44, 49, 46]

Line: [41, 14, 34, 48, 48, 9, 39, 49, 20, 39, 43, 29, 31, 23, 4, 49, 20, 33, 32, 20]
Numbers which are > 40 for this line: [41, 48, 48, 49, 43, 49]

Line: [42, 12, 21, 32, 50, 2, 45, 11, 44, 2, 40, 49, 37, 4, 49, 46, 23, 1, 39, 35]
Numbers which are > 40 for this line: [42, 50, 45, 44, 49, 49, 46]

Line: [32, 33, 24, 4, 32, 43, 18, 43, 27, 12, 41, 36, 3, 19, 39, 11, 30, 48, 38, 32]
Numbers which are > 40 for this line: [43, 43, 41, 48]

Line: [29, 4, 4, 22, 27, 48, 1, 34, 8, 38, 37, 15, 6, 6, 33, 27, 24, 2, 4, 11]
Numbers which are > 40 for this line: [48]

Line: [48, 3, 4, 25, 37, 25, 25, 3, 18, 2, 15, 17, 34, 19, 27, 22, 49, 1, 11, 34]
Numbers which are > 40 for this line: [48, 49]

Line: [44, 18, 7, 11, 29, 15, 8, 10, 23, 37, 13, 3, 25, 46, 5, 8, 47, 15, 5, 11]
Numbers which are > 40 for this line: [44, 46, 47]

Line: [45, 38, 2, 9, 18, 16, 33, 31, 29, 35, 40, 29, 20, 40, 41, 34, 41, 46, 18, 14]
Numbers which are > 40 for this line: [45, 41, 41, 46]

Line: [38, 26, 2, 8, 3, 34, 45, 29, 45, 19, 13, 30, 19, 30, 6, 19, 11, 25, 15, 37]
Numbers which are > 40 for this line: [45, 45]

Line: [25, 25, 19, 4, 29, 46, 46, 29, 14, 42, 48, 13, 38, 44, 23, 22, 41, 16, 27, 9]
Numbers which are > 40 for this line: [46, 46, 42, 48, 44, 41]

Line: [19, 7, 17, 30, 50, 38, 22, 19, 40, 11, 39, 11, 8, 28, 32, 20, 9, 46, 45, 17]
Numbers which are > 40 for this line: [50, 46, 45]

Line: [11, 11, 25, 46, 30, 46, 50, 50, 26, 7, 38, 20, 10, 4, 42, 19, 41, 33, 50, 32]
Numbers which are > 40 for this line: [46, 46, 50, 50, 42, 41, 50]

Line: [37, 12, 44, 44, 32, 25, 8, 45, 45, 10, 10, 21, 25, 48, 38, 17, 9, 41, 49, 30]
Numbers which are > 40 for this line: [44, 44, 45, 45, 48, 41, 49]

Line: [9, 36, 29, 24, 4, 17, 49, 28, 50, 42, 2, 17, 10, 46, 7, 21, 36, 6, 21, 15]
Numbers which are > 40 for this line: [49, 50, 42, 46]

Line: [41, 25, 13, 32, 45, 41, 36, 13, 10, 20, 50, 42, 26, 12, 49, 16, 39, 44, 1, 1]
Numbers which are > 40 for this line: [41, 45, 41, 50, 42, 49, 44]

Line: [20, 23, 23, 14, 50, 19, 33, 41, 34, 30, 8, 48, 26, 26, 27, 38, 32, 4, 10, 28]
Numbers which are > 40 for this line: [50, 41, 48]

Line: [9, 29, 40, 36, 1, 17, 18, 42, 24, 49, 7, 31, 29, 1, 26, 7, 30, 8, 46, 39]
Numbers which are > 40 for this line: [42, 49, 46]

Line: [48, 34, 33, 14, 33, 18, 47, 14, 18, 27, 9, 27, 4, 20, 25, 19, 34, 32, 8, 16]
Numbers which are > 40 for this line: [48, 47]

Line: [17, 29, 41, 37, 1, 39, 37, 36, 27, 25, 33, 8, 10, 4, 35, 34, 29, 6, 4, 40]
Numbers which are > 40 for this line: [41]

Line: [1, 4, 43, 44, 2, 3, 31, 31, 9, 7, 5, 17, 41, 15, 41, 15, 36, 32, 17, 37]
Numbers which are > 40 for this line: [43, 44, 41, 41]

Line: [16, 2, 10, 22, 46, 47, 8, 9, 21, 7, 43, 38, 28, 41, 48, 31, 29, 40, 23, 41]
Numbers which are > 40 for this line: [46, 47, 43, 41, 48, 41]

Line: [3, 22, 50, 35, 47, 11, 23, 3, 3, 6, 50, 26, 37, 34, 10, 12, 12, 33, 29, 36]
Numbers which are > 40 for this line: [50, 47, 50]

Line: [35, 14, 38, 25, 39, 6, 40, 16, 2, 12, 16, 5, 24, 27, 1, 40, 35, 12, 37, 15]
Numbers which are > 40 for this line: []

Line: [3, 27, 30, 3, 26, 24, 7, 14, 25, 36, 17, 27, 50, 42, 12, 31, 8, 31, 37, 3]
Numbers which are > 40 for this line: [50, 42]

Line: [7, 23, 31, 36, 16, 24, 50, 25, 2, 13, 41, 26, 4, 37, 30, 37, 6, 25, 3, 40]
Numbers which are > 40 for this line: [50, 41]

Line: [31, 45, 38, 4, 37, 23, 18, 23, 40, 14, 49, 35, 45, 29, 9, 46, 43, 26, 49, 31]
Numbers which are > 40 for this line: [45, 49, 45, 46, 43, 49]

Line: [26, 28, 4, 15, 25, 9, 14, 16, 31, 19, 35, 4, 50, 21, 1, 31, 35, 39, 26, 43]
Numbers which are > 40 for this line: [50, 43]

Line: [47, 38, 29, 23, 8, 38, 22, 41, 48, 27, 15, 31, 22, 47, 47, 14, 2, 19, 7, 34]
Numbers which are > 40 for this line: [47, 41, 48, 47, 47]

Line: [43, 50, 19, 50, 46, 39, 40, 35, 7, 15, 45, 46, 35, 49, 42, 50, 37, 23, 3, 40]
Numbers which are > 40 for this line: [43, 50, 50, 46, 45, 46, 49, 42, 50]

Line: [47, 8, 27, 46, 12, 39, 48, 36, 11, 2, 38, 19, 11, 9, 46, 41, 15, 17, 29, 16]
Numbers which are > 40 for this line: [47, 46, 48, 46, 41]

Line: [34, 7, 35, 35, 29, 18, 3, 39, 6, 5, 49, 33, 44, 9, 17, 47, 19, 29, 30, 14]
Numbers which are > 40 for this line: [49, 44, 47]

Line: [14, 11, 33, 40, 42, 17, 22, 39, 49, 39, 19, 26, 37, 23, 2, 46, 8, 10, 12, 48]
Numbers which are > 40 for this line: [42, 49, 46, 48]

Line: [5, 42, 35, 4, 27, 40, 3, 9, 30, 32, 23, 7, 46, 25, 34, 49, 40, 2, 46, 4]
Numbers which are > 40 for this line: [42, 46, 49, 46]

Line: [8, 27, 29, 12, 22, 42, 19, 44, 6, 24, 13, 25, 22, 46, 33, 46, 10, 11, 38, 30]
Numbers which are > 40 for this line: [42, 44, 46, 46]

Line: [45, 24, 46, 40, 42, 14, 14, 47, 26, 29, 8, 50, 33, 16, 14, 41, 4, 4, 32, 33]
Numbers which are > 40 for this line: [45, 46, 42, 47, 50, 41]

Line: [22, 16, 40, 5, 23, 15, 31, 13, 5, 25, 46, 32, 31, 34, 11, 16, 47, 23, 27, 12]
Numbers which are > 40 for this line: [46, 47]

Line: [26, 14, 35, 47, 30, 11, 17, 34, 37, 4, 41, 1, 40, 9, 1, 49, 11, 47, 41, 39]
Numbers which are > 40 for this line: [47, 41, 49, 47, 41]

Line: [42, 24, 1, 36, 45, 2, 1, 11, 43, 11, 26, 42, 6, 41, 35, 22, 25, 28, 38, 18]
Numbers which are > 40 for this line: [42, 45, 43, 42, 41]

Line: [11, 25, 42, 44, 20, 17, 30, 42, 40, 5, 7, 22, 3, 34, 30, 4, 43, 15, 14, 2]
Numbers which are > 40 for this line: [42, 44, 42, 43]

Line: [45, 43, 45, 6, 35, 35, 29, 15, 26, 25, 8, 21, 48, 41, 17, 4, 2, 35, 23, 44]
Numbers which are > 40 for this line: [45, 43, 45, 48, 41, 44]

Line: [22, 22, 9, 39, 33, 30, 34, 35, 7, 17, 46, 49, 46, 20, 36, 5, 31, 10, 5, 2]
Numbers which are > 40 for this line: [46, 49, 46]

Line: [33, 18, 12, 11, 37, 33, 18, 13, 7, 50, 41, 2, 24, 34, 49, 24, 45, 41, 23, 22]
Numbers which are > 40 for this line: [50, 41, 49, 45, 41]

Line: [23, 2, 34, 8, 41, 31, 24, 9, 24, 38, 24, 43, 30, 6, 1, 21, 7, 20, 37, 24]
Numbers which are > 40 for this line: [41, 43]

Line: [44, 19, 47, 34, 23, 22, 8, 24, 4, 43, 5, 13, 15, 18, 33, 13, 26, 15, 25, 25]
Numbers which are > 40 for this line: [44, 47, 43]

Line: [39, 44, 43, 22, 9, 26, 38, 2, 13, 29, 18, 15, 21, 8, 25, 20, 16, 32, 23, 27]
Numbers which are > 40 for this line: [44, 43]
